mach
100
job
1000
ctrl_factor
0.8
proc_time
[  0  69  65  56  80  31  52  53  75  48  37  77  66  31  43  46  64  29  49  14  20   1  37  48  39  52  66  84  12  61  35  21  49  46  82  33  49  71  31  38  49  91  56  79  41  29  75  73  66  34  55  44  46  65  78  11  58  32  87  47  70  28  60  48  72  68  71  39  52  93  13  30  49  28  84  31  57  50  24  27  35  62 100  50  44  54  39  63  76  47  64  66  82  67  79  34  89  87  46  45  82  62   1  70  55   9  52  34  35  45  44  23  74  68  79  59  73   7  37  64  93  58  45  53  21  74  39  36  37  60  62  16  15  78  50  49  30  76  53  52  48  34  54  20  56  57  43  32  70  54  70  56  54  31  48 100  41  62  52  73  81  26  65  32  48  61  35  52  52  56  37  50  41  49  44  60  58  57  40  99  46  65   1  59  78  55  85  14  83  34  67  58  48  74  89  56  46  74  51  69  57  52  43  45  50  29  74  74  56  84  29  54  34  60  58  54  55  48  70  37  89  42  68  25  21  74  66  72  37  62  53  83  52  52  69  36  65  51  38  52  42  50  34  46  40   1  32  54  84  64  41  76  70  32  49  27  89   9  29  58  69  56  67  69  25  44  50  28  26  44  63  71  72  74  53  30  58  60  25  55  30  59  14  81  29  82  65   6  80  74  40  75  60  86  46  73  87  64  62  83  32  60  48  31  21  27  35  11  66  45  37  37  17  14  67  51  61  27  49  56  40  20  62  97  52  55  38  19  31  64  80  84  61  41  36  33  20  15  54  73  57  30  86  39  37  64  66  26  88  61  37  32  29  40  56  36  36  45  87  42  46  31  71  81  95  46  62  58  37  19  40  41  47  35  54  49  13  48  56  43  51  14 100  67  45  34  58  69  62  50  33  19  56  60  72  47  36  34  60  61  46  84  75  43  35  41  58  57  82  65  28  31  66  67  24  47  41  11  72  33  35  61  38  67  63  54  42  43  65  45  25  31  51  17  26  31  37  31  31  49  56  94  48  98  15  43  31  52  36  58  96  65  47  67  45  98  32  39  29  67  63  75  33  86  73  39  63  63  48   1  36  74  47  39  82   9  68  64  80  32  54  52  57  35  68  31  66  48  37  41  48  56  26  60  71  70  54  23  39  28  46  36  41  48  41  65  67  69  52  64  18   2  41  71  78  76  52  71  32  68  14  89  72  15  26  45  65  60  33  67  26  66  94  66  24  36  61  35  20  45  37  37  19  33  19  34  39  64  15  39  59  69  63  42  37  21  34  77  80  37  40  52  49  46  72   9  44  51  60  27  79  66  62  64  34  76  73  71  60   3  24   1  38  55  38  58  45  64  43  44  60  93  48  64  44  22  49  16  37  56  46  51  54  27  15  48  35  82  80  11  51  79  49  69  32  62  68  56  57  30  36  54  78  56  65   8  34  39  36  25  53  43  68  55  41  28  35  77  71  14  59  75  41  27  37  37  41  52  23  43  23  52  15  62  39  82  52  85  29  72  51   1  61  45  16  14  68  28  71  41  37  46  66  53  51  56  52  66  70  39  73 100  80  58  91  21  51  30  65  60  84  54   3  74  53  46  33  67  35  56  79  33  64  20  79  72   7  41  80  41  54  50  34  45   1  60  46 100  77  27  63  69  46  82  46  38  16  65  72  50  52  83  29  74  28  58  68  56  50  60  30  13  64  31  49  86  80  83  40  51  10  33  52  60  53  15  33  84  15  71  52  53  76  87  47  32  40  30  37  40  46  79  60  20  54  68  41  31  39  42  63  73  92  56  55  50  48  16  38  16  22  46  14  35  77  27  60  52  74  27  52  84  43  76  59  43  45  71  84  18  29  61  26  62  46  50  48  82  50  57  64  37  44  68  75  49  40  90  35  58  74  61  73  55  29  50  50  49  23  58  42  64  57  51  42  34  33  68  61  71  53  36  51  48  18  45  45  58  18  55  41  47  81  82  59  20  37  64  28  54  50  62  51  58  30  36  35  36  67  55  57  54  46  46  57  57  56  40  54  23  52  74  39  17  63  27  75  48  16  68  54  32  80  39  42  30  61  18  63  67  74  66  46  50  45  59  77  91  82  61  69  30  30  25  32  43  57  39  77  79  52  87  70  58  70  83  54   8  73  64  66  78  59  41  73  13  94  59  19  44  45  44  70  55  45  66  27  69  49  82  70  64  46  77  58  90  19  45  38  82  52  93  30  39  21  72  16  38  53  18  47  47  50  39  85  75  15  69  68  50  61  38  68  40  55  73  74  55  65  46  80]
unit_cost
[11 19 15  2  4  8 19 13 17  4 16  8  3 12  3 14 10 15  9 16  2  8 12  7 16 10  7 14 19 11  7  7 13  7  8  8  9  8 10 10 17 12 17 11 20 10  4 18 12 14 20 12 10 15 13  8 16  7 13  3  5 17 14  9 12  7 14  7  9 10 14  8  6  7 13  6 10 12  7 14 14  9  5  6  1  8 15 13  9  9  8 10  8 16 16  7  9 11  4 17]
