mach
100
job
1000
ctrl_factor
0.8
proc_time
[  0  47  63  95   8  11  52  59  86  48   8  95  66  64  89  14   9  48  62  80  57  16   6   4  16  49  69   6  69  68  48  37  70  59  56  91  22  47  40  69  64  19  55  59  50  36  56  52  12  77  78  55   2  27  28  36   4  84  28  81  71  11  84  93  62   5  30  35  61  45  13  43  27  64  68  32  28  10  23  80  19  94  61  48  11  23  70  83   9  51  40  17   9  15   1  57  85  92  59  87  47  86  87  45  89  50  94  15  14  44  47  55  42  65  34  30  64  16  93  52  77  10  58  95  17   8  27  21  91  59  60  37 100  71  83  16  16  15  31  43  81   1  76  63  48  24  93  91   9  78  12   6  74  28  99  21  71  39  59  92  57  89  12  27  15  99  23  85  37  48  81  38  43  47   3   8  26  14  53  60  37  28  44  77  72  96  55  87  52  47  22   8  89  91  75 100  90  37  80  75  30  69  11  77  38  58  76  86  93  76  74  33  35   2  35  92  68  14  15  18  75  61   8  75  99  90  59  36  44  14  60  81  17  13  10  11  75  59  55  91  62  82  32   6  76  36   3  71  31  78  67  58  67  44  17  86  53  11  73  32  11  30  74  21  12  82  84  16  15  89  84  72   1  55 100  90  41  57  37  97  84  53  88   8  51  93  95  73  63  60   2 100  25  16  49  31  82  50  48  18  24  24  21  20  44  67  22  55  50  79  67  54  92  21  21  12  50  48  99  78  80  73   8  25  33  41  82  70  96  71  35  79  31  34  58  98  58  54  37  68  45  61  27  91  88  44  78  74   4  99  33  25  91  86  75  84  96  55  77  42  14  31  72   5  43  19  24  26  15  74  80  54  47   4  33  29  70  81  80  14  36  24  39  47  25  66   2  78  81  59  43  72  50  72  21  60  38  94  74  26  66  53  39  17  51  55  15  30  12   5  33  70  43  57  97   9  64   1   4   5  81  20   5   3  97  44  41  65  18   4  81  90  48  31  97  30  48  46   3  54  94  31  83  78  45   3  44  43  94  56  76  92  79  66  75  30   6  86  98  71  76  86   4  82  84  23  15  90  63  14  84  89  34  20  33  88  48  14  61  10  12  25  27  65  80  47  42  99   2  60  96  33  77  19  91  73  29  20  61  95  60  55  60  93  49  90  47   1  72  62  49  11  41  16   9  60  81  66  92  29  56  10  45  20  54  77  40  42   8  78  95   1  44  73   2  13  41  22  63  45  12  48  46  13  82  18  65  51  17  46  63  48  92  59  38  64  42  47  53   2   7  55  26  21  36  14  32  68  34  22  54  65   9  83  52  83  44  17  72  91  30  30  41  10  15  27  10  64  82   9  42   8  35  67  61  93  70  59  48  34  62   7  28  43  93  17  31  29  19  31  14  98  32  21  90  77  57  48  96  53  88  65  49   9  63  53   7  27  48   4  25  93  66  97  12  17  65   2  90  62   1  79   4  18  96  96  37  10  88  15  56  39  70  77  37  97  37  42  65  43  85  52  55  90  24  15   4   3  50  27  72  62  32  73  96  60  21  80  56  17  40  29   6  95  75  46  87  49  87  92   6  84   1  33  81  83  86  96   3  29  27  43  61  30  21  54  39  98  13  73  31  62   8  23  75  73  67  21  43  77  10  78  85  70  84  24  92  17  29  71  26  48  27  53  44  14   4   2  29  26  77  89   2  61  23  69   5  24  46  82  49  32  21  16  68  54  91  61  86  71  87  33  80  32  26  23  50  81  29  24  58  52  40  72  28  22  92  31  33  99  62  35  23  85  68  45  79  13   9  78  18  67  34  20  63  78  94  42  98  18  33  54  27  76  60  89  97 100  22  42  15  60  12  53  67  38  60  51  57  55   6  26  46  17   8   4  80  36   4  35 100  87  89  94  28   7  54   5  83  91  92  64  53  19  56  54  46   4  37  11  37  68  74  90  51  16  78  24  92  21  91  19  97  69  61  69   8  41  72  12   5  83  68  31  90  65  76 100  87  37  31  47  30  58  40  66  37  74  47  10  43  84  19  23  73  21  95  81  99  54  42  38  14  36  12  91  23  51  81  67  64  42  41   1  73  70  31  34  98  82   3  29  81   1 100  35  72  36  87  39  88   2  54  13  33  39  42  41  41  29  77  50  83  31  77  60  97  69  70  99  16  51   7  63  32  36  87   4  74  14  59  38  71  18  21  51  26  14  17  21  62  60  67  28  96  45  89  42  75  25  56   2  35 100  36  99  11  28 100   3  37  60  29  10  94  16  29  57  51  98  61]
unit_cost
[ 3  4 10 10 20 16  5  3  2 11  7  5 14 17  9 15  9 20  5  8  5 11  5  4  7  7  3  7  1 15 12 16 12 12  5 13 13 11 18 20 12 11 16 17 17 19 11  8  8  5  5 20  3 12  4 18  4  7 20 18 15 20  9 10  2  3 11  3 18  3 20 16 20 13  1  5 12  2 14 13 13  8  7 20 18  9  7 18  6  9  2 18  9 14 10  6  4  5 12 14]
